0.010000 1.000000 0.323400
0.010000 2.000000 0.324200
0.010000 3.000000 0.285700
0.010000 4.000000 0.248800
0.010000 5.000000 0.254600
0.010000 6.000000 0.183700
0.010000 7.000000 0.163600
0.010000 8.000000 0.148000
0.010000 9.000000 0.128600
0.010000 10.000000 0.111000
0.020000 1.000000 50.619300
0.020000 2.000000 50.598300
0.020000 3.000000 39.819600
0.020000 4.000000 26.251800
0.020000 5.000000 26.138300
0.020000 6.000000 1.139800
0.020000 7.000000 0.515100
0.020000 8.000000 0.307500
0.020000 9.000000 0.185000
0.020000 10.000000 0.123200
0.030000 1.000000 81.966700
0.030000 2.000000 81.859600
0.030000 3.000000 77.060700
0.030000 4.000000 70.539900
0.030000 5.000000 70.400400
0.030000 6.000000 48.814500
0.030000 7.000000 31.241300
0.030000 8.000000 5.228900
0.030000 9.000000 0.265400
0.030000 10.000000 0.139200
0.040000 1.000000 92.326700
0.040000 2.000000 92.359400
0.040000 3.000000 89.954200
0.040000 4.000000 86.301900
0.040000 5.000000 86.342700
0.040000 6.000000 74.390400
0.040000 7.000000 63.806500
0.040000 8.000000 47.306100
0.040000 9.000000 0.691000
0.040000 10.000000 0.169600
0.050000 1.000000 96.517600
0.050000 2.000000 96.533000
0.050000 3.000000 95.144600
0.050000 4.000000 93.140400
0.050000 5.000000 93.218800
0.050000 6.000000 86.073900
0.050000 7.000000 79.343900
0.050000 8.000000 68.769700
0.050000 9.000000 17.608300
0.050000 10.000000 0.205200
0.060000 1.000000 98.361700
0.060000 2.000000 98.356900
0.060000 3.000000 97.570700
0.060000 4.000000 96.450700
0.060000 5.000000 96.442600
0.060000 6.000000 91.987800
0.060000 7.000000 87.632500
0.060000 8.000000 80.444200
0.060000 9.000000 43.727000
0.060000 10.000000 0.259900
0.070000 1.000000 99.196200
0.070000 2.000000 99.199200
0.070000 3.000000 98.776000
0.070000 4.000000 98.072200
0.070000 5.000000 98.087900
0.070000 6.000000 95.228500
0.070000 7.000000 92.335900
0.070000 8.000000 87.366400
0.070000 9.000000 60.568100
0.070000 10.000000 0.352900
0.080000 1.000000 99.600500
0.080000 2.000000 99.616500
0.080000 3.000000 99.361100
0.080000 4.000000 98.966100
0.080000 5.000000 98.958600
0.080000 6.000000 97.132700
0.080000 7.000000 95.156000
0.080000 8.000000 91.650500
0.080000 9.000000 71.459600
0.080000 10.000000 0.494300
